2	27	64	1.49824	3.97606	49	3.952	
4	28	50	2.40285	4.56835	58	4.45658	
8	38	65	3.8705	5.6248	77	5.7871	
16	49	81	6.06688	7.90944	103	8.12234	
32	72	125	10.155	12.2786	146	12.5278	
64	91	141	20.1454	22.0992	218	23.2828	
128	217	251	39.5028	40.8311	406	45.7384	
256	496	555	72.9676	75.361	1437	88.7264	
512	915	954	150.566	152.187	2534	169.51	
1024	1745	1740	291.95	293.168	5243	336.249	
2048	3439	3498	589.065	591.074	12528	671.965	
4096	6827	6860	1160.47	1161.84	25235	1301.56	
8192	13723	13810	2413.97	2416.79	53281	2674.86	
